-0.0370089502
-0.0370089502
-0.0370089502
4.6084532143
4.6084532143
4.6084532143
0.3879356094
0.3879356094
0.6745171702
4.6250324160
4.6250324160
7.3296933213
0.7753555185
0.7753555185
1.3433920315
4.6637732736
4.6637732736
7.1623441992
1.1563651478
1.1563651478
1.9992416728
4.6973776461
4.6973776461
6.9366482188
1.5290039904
1.5290039904
2.6343451657
4.6951663367
4.6951663367
6.7116125568
1.8905362309
1.8905362309
3.2389903446
4.6351961377
4.6351961377
6.5341480298
2.2373958574
2.2373958574
3.8003684758
4.5104808282
4.5104808282
6.4204766707
2.5654735879
2.5654735879
4.3011160752
4.3288927837
4.3288927837
6.3548758577
2.8695459463
2.8695459463
4.1097048209
4.1097048209
4.7163852229
6.3077239704
3.1344154701
3.1344154701
3.8859532507
3.8859532507
5.0069961863
6.2636589203
3.2726711098
3.2726711098
3.7595533030
3.7595533030
5.1156965934
6.2416596819
0.3886848164
0.3886848164
0.8367902829
4.6143539839
4.6143539839
7.3290807570
0.6689523288
0.7107384758
1.3357368730
4.6340723087
4.6487269394
7.2015579760
1.0103917904
1.1053042507
1.9122031969
4.6670182104
4.6952250205
6.9883385796
1.3585173956
1.5010028958
2.5056015597
4.6851842260
4.7080267218
6.7540739712
1.7002459063
1.8875926422
3.0890882275
4.6592147611
4.6625968444
6.5535864344
2.0300903770
2.2597569380
3.6439953632
4.5374521636
4.5844134075
6.4157197387
2.3449074448
2.6115629165
4.1516109824
4.3492219877
4.4495051241
6.3350429578
2.6431597590
2.9347896725
4.1169377306
4.2678505655
4.5886458749
6.2833855821
2.9230446200
3.2074347362
3.8829541264
4.0567968168
4.9208438871
6.2368324127
3.1688663222
3.3118570860
3.7828494723
3.8477920008
5.0946897357
6.2031182276
3.1341918465
3.2701381643
3.7607194758
3.9395014815
5.0577085885
6.2121472368
2.8673480812
3.0955317319
3.9257457174
4.1575163196
4.8231954572
6.2550814933
2.5756489446
2.8103840579
4.1656793886
4.3601624594
4.4502440131
6.3035482512
2.2660843348
2.4857494259
3.9851357265
4.3911095752
4.5234221757
6.3621161179
1.9392444409
2.1375748050
3.4573254017
4.5682313757
4.6322110569
6.4589093168
1.5966281538
1.7742774285
2.8875715833
4.6787731910
4.6811557188
6.6164146400
1.2418954600
1.4030454088
2.2931404565
4.6785219756
4.7197566298
6.8288550106
0.8838760271
1.0316883949
1.6920917557
4.6470528778
4.7052022895
7.0571025520
0.5559080862
0.6746467729
1.1143117790
4.6203787399
4.6629381909
7.2416032326
0.7684405483
0.7684405483
1.6512646378
4.6316253383
4.6316253383
7.1447821870
1.0031304814
1.0496986110
2.0908858556
4.6519017825
4.6636054173
6.9702631388
1.2893943169
1.4352478018
2.5772532486
4.6745010708
4.6955910279
6.7368162289
1.5882742199
1.8497002012
3.0781426338
4.6742271103
4.6779603166
6.5120883239
1.8837833579
2.2619204214
3.5731259784
4.5836643974
4.6317376346
6.3422460255
2.1692453282
2.6554269144
4.0434557384
4.4088754938
4.5388392493
6.2383183850
2.4431442676
3.0172578508
4.1738540412
4.3979620908
4.4676125179
6.1778026537
2.7076840221
3.3226769774
3.9269861235
4.2183595659
4.8144369282
6.1296957695
2.9648080102
3.4210671820
3.8418300479
4.0136382055
5.0355833020
6.0886738291
3.1965646988
3.2118672032
3.8143774364
4.0330666542
5.0671053577
6.0863772826
2.9433845825
3.2635136892
3.7637568208
4.2523122830
4.8956969290
6.1317313022
2.6649841039
3.0569908659
3.9626627923
4.4405461630
4.5775917515
6.1901497324
2.3766263373
2.7553898419
4.1647326248
4.2156073390
4.5838756773
6.2521286467
2.0741075447
2.4191822201
3.6949783628
4.4420315064
4.6693607944
6.3397542062
1.7570053416
2.0658087951
3.1911198391
4.6095132486
4.6984114914
6.4775563308
1.4327262383
1.7071874909
2.6735829931
4.6849480508
4.7038727442
6.6672030009
1.1239104889
1.3559899029
2.1633947678
4.6565679440
4.7288849115
6.8781007713
1.1252499061
1.1252499061
2.4211547384
4.6589428064
4.6589428064
6.8469721261
1.3275189534
1.3809339301
2.8124713663
4.6777704830
4.6831361304
6.6368180105
1.5652880945
1.7550698409
3.2239897263
4.6881203747
4.6895469726
6.4008169472
1.8123461509
2.1827768260
3.6350693411
4.6333475534
4.6700645185
6.1995154387
2.0557906925
2.6215164896
4.0318468354
4.4897629731
4.6111260346
6.0668354979
2.2913707729
3.0421584155
4.2639159870
4.4034075989
4.5079786232
5.9944277285
2.5215910439
3.4155296990
4.0059910129
4.3640114362
4.7224231876
5.9472272508
2.7536648278
3.5754684522
3.9011218022
4.1858592229
4.9563206814
5.9052416215
2.9928988867
3.3523262376
3.9832781747
4.1403392172
5.0375246975
5.8932801169
3.0875253521
3.2169670452
3.7876839627
4.3734894496
4.9299376784
5.9428366882
2.8255564123
3.2553376263
3.7674811297
4.5506927230
4.6782304949
6.0205501911
2.5607647221
3.0254688813
3.9913995378
4.3231059463
4.6828470645
6.1009188710
2.2840219119
2.7160209732
3.9296739495
4.2502044468
4.7412998447
6.1942172682
1.9931084706
2.3810210274
3.5113748921
4.4706789346
4.7458644233
6.3203321304
1.6992806018
2.0395513553
3.0872721798
4.6244800378
4.7169624462
6.4845920487
1.4501028115
1.4501028115
3.1267153316
4.6940386554
4.6940386554
6.4505351266
1.6223749206
1.6847327689
3.4678600103
4.7087831403
4.7100800469
6.2158755697
1.8154854550
2.0486880871
3.8087756346
4.6843396235
4.7086215647
5.9916740903
2.0114400026
2.4847899449
4.1339780417
4.5778197326
4.6759106743
5.8309986767
2.2020154396
2.9455311619
4.3690613921
4.4402942043
4.6050840902
5.7474534945
2.3876661609
3.3932770928
4.1113908958
4.4953154547
4.6977136436
5.7061619817
2.5765953611
3.7265330745
3.9083887843
4.3489983184
4.9013286347
5.6715847948
2.7812816823
3.5209665330
4.1698281888
4.1985065961
4.9998364540
5.6541540930
3.0087842623
3.2726169039
3.9651926578
4.4843532106
4.9359539586
5.6972107769
3.0296193386
3.2302824305
3.7690686671
4.6478256634
4.7731066330
5.7958444032
2.7878467147
3.2487315638
3.7704711598
4.4561273537
4.8016853427
5.9108143146
2.5333735134
3.0076192609
4.0071808160
4.1545281921
4.8263364643
6.0335389376
2.2632596332
2.7016789031
3.8350686065
4.2625822297
4.7987881924
6.1690852408
1.7353654620
1.7353654620
3.7507288940
4.7337388968
4.7337388968
5.9781627594
1.8775179589
1.9496948844
4.0375978606
4.7359939477
4.7461650913
5.7346447277
2.0281692547
2.3032223761
4.3086420106
4.6651643008
4.7347108415
5.5488257400
2.1752568664
2.7423314340
4.4822713911
4.5543619179
4.6911825498
5.4610089592
2.3157428488
3.2170187506
4.2268311084
4.6122532851
4.7598683423
5.4358337983
2.4559048252
3.6857372640
3.9544338528
4.4975650602
4.9174185256
5.4200477718
2.6100600148
3.6870011246
4.1308829370
4.3478646894
4.9979517278
5.4055515518
2.7947295527
3.4646892993
4.1650836954
4.5130528148
4.9516382417
5.4229353874
3.0159383414
3.2425727831
3.9565020374
4.6853187198
4.8897825326
5.5205167074
3.0224401585
3.2368365216
3.7594999971
4.5684355996
4.9167681369
5.6791144344
2.7864244577
3.2462100332
3.7716080548
4.3695510841
4.8957755037
5.8598675780
1.9751622508
1.9751622508
4.2789129629
4.7741791466
4.7741791466
5.4625343260
2.0867243264
2.1684365722
4.5076214354
4.7474937560
4.7823863825
5.2437659012
2.1970141678
2.5093926595
4.5758571830
4.7092097366
4.7629349047
5.1668353108
2.2990907596
2.9446824755
4.3167302833
4.7115631717
4.8743087720
5.1759344533
2.3953730991
3.4218847367
4.0543321727
4.6264603889
4.9928004021
5.1913030429
2.4981522663
3.8210081588
3.8990056493
4.5067497422
5.0431998958
5.2014836941
2.6268968888
3.6322863763
4.3522227111
4.3709232895
5.0041745737
5.1943132497
2.7995465734
3.4357735773
4.1649648767
4.6500226692
5.0024103412
5.2304905476
3.0178387006
3.2393585615
3.9540534826
4.6578215685
4.9989825736
5.4182841644
2.1652641514
2.1652641514
4.6992488594
4.8112114235
4.8112114235
4.9499722186
2.2461288900
2.3360683053
4.6169521765
4.8145759881
4.8678867672
4.9179062619
2.3188408690
2.6609122022
4.3454761900
4.7884205935
4.9745471065
5.0013229912
2.3814911209
3.0843938318
4.1070627782
4.7305756399
5.0092005658
5.0974595416
2.4420072968
3.5503881290
3.9123617484
4.6395296636
5.0142884897
5.1542538811
2.5179959519
3.7521271279
4.0123294520
4.5141235103
5.0043715641
5.1685913523
2.6318641816
3.6007687418
4.3546491009
4.4467357383
5.0368529413
5.0978142099
2.3028077278
2.3028077278
4.4967671025
4.8409205961
4.8409205961
5.0078054902
2.3534268378
2.4494682934
4.2893664501
4.8387160832
4.8759146052
5.1125238388
2.3922548522
2.7538129883
4.1070809020
4.8061903913
4.9138080517
5.1783121945
2.4225175647
3.1565752723
3.9688035291
4.7419721213
4.9376324313
5.2056014073
2.4573078709
3.5959598200
3.8610091760
4.6447431013
4.9598544429
5.1977605913
2.3859887617
2.3859887617
4.1809879984
4.8601254081
4.8601254081
5.1933964822
2.4073528340
2.5067185814
4.0809638063
4.8516510633
4.8748685192
5.2354195002
2.4167622260
2.7852866475
4.0150025368
4.8125641790
4.8971019917
5.2377194027
2.4138202845
2.4138202845
4.0662471864
4.8667643502
4.8667643502
5.2556592515
0.8741006728
0.9902973002
1.7776076023
4.6379942651
4.6846613793
7.0595051952
1.1734582163
1.3497555449
2.2879620101
4.6646492542
4.7117137669
6.8451007783
1.4970671496
1.7327369168
2.8198644203
4.6821726089
4.6926363230
6.6213941007
1.8170986080
2.1173259000
3.3485387017
4.5960779809
4.6706761563
6.4392453878
2.1250139778
2.4896287253
3.8540210017
4.4299850421
4.6019091288
6.3189699025
2.4186023558
2.8381162919
4.2054470533
4.3152163701
4.4774110375
6.2473367837
2.6990370002
3.1456946044
3.9576310114
4.3047664780
4.7055182751
6.1946289985
2.9673112729
3.3379668743
3.7829250538
4.0990610101
4.9836571122
6.1450598209
3.1760170179
3.2650000449
3.8686837117
3.9005512964
5.0892657698
6.1201214266
1.2094619770
1.3014157152
2.4948933675
4.6658050111
4.6853794417
6.7866431448
1.4724049989
1.6548051188
2.9324813868
4.6819151235
4.6927597907
6.5606674005
1.7467066704
2.0577653746
3.3781824701
4.6223715426
4.6985533919
6.3530849677
2.0158121568
2.4712520376
3.8157257778
4.4848725943
4.6638674430
6.2028124397
2.2746262621
2.8688565326
4.2270098935
4.2774596202
4.5774100981
6.1123870359
2.5240861905
3.2274342025
4.0240176774
4.4398154896
4.5995918280
6.0544784436
2.7691670031
3.4689552564
3.8329576276
4.2619974489
4.8895362385
6.0029387989
3.0109022075
3.3490720065
3.9688479390
4.0540423471
5.0449613152
5.9674115617
3.0656801147
3.2745917299
3.8401679339
4.2038628806
5.0059035705
5.9850957573
2.8191892387
3.3206865737
3.7845795155
4.4080160640
4.7894335054
6.0441917144
2.5607651933
3.0809808751
3.9968599254
4.4544894180
4.5706804811
6.1095096187
2.2927898155
2.7524099647
4.0588371860
4.2515302459
4.6715625724
6.1838762528
2.0106277088
2.3936886535
3.6240559459
4.4691286575
4.7167203825
6.2924685542
1.7159330794
2.0267398859
3.1720398389
4.6209282604
4.7137109034
6.4516184716
1.4237766209
1.6715142174
2.7201535067
4.6857595660
4.6981758678
6.6493954735
1.5252079667
1.6019109065
3.1721605523
4.6862205822
4.7014577157
6.4221270697
1.7494864655
1.9462711033
3.5410931838
4.6513939961
4.7228424590
6.1982222903
1.9717768812
2.3641069397
3.9018576477
4.5486009663
4.7155963409
6.0181144131
2.1868458634
2.8043238763
4.2410864151
4.3675788216
4.6627269691
5.9058655937
2.3940670219
3.2300341693
4.1196455496
4.5447807366
4.5711730234
5.8433577222
2.5992756720
3.5815847764
3.8862959309
4.4134333120
4.8155301799
5.7958914151
2.8122713321
3.5035742119
4.0354725744
4.2290822610
4.9832163622
5.7570394560
3.0330811931
3.2660413760
4.0138301989
4.3153485651
4.9923093316
5.7653837138
2.9952316902
3.2817167812
3.7991516578
4.5303927283
4.8411867502
5.8358082640
2.7641247764
3.2848698428
3.7849230417
4.5597455038
4.6987009778
5.9257805372
2.5212917460
3.0180547052
4.0191669807
4.2485215185
4.7688927137
6.0217114159
2.2607378161
2.6889526201
3.8979570680
4.2746575648
4.7842984262
6.1361163626
1.9847834269
2.3510983987
3.5357926701
4.4824189327
4.7565075855
6.2810716361
1.8060222724
1.8751645713
3.7774937565
4.6919250326
4.7417058797
5.9825211843
1.9906113396
2.2100084949
4.0782647698
4.6191599225
4.7576933429
5.7774001042
2.1621821092
2.6362691521
4.3554079460
4.4665936211
4.7350099423
5.6449316015
2.3247157046
3.0960104337
4.2334096768
4.6049337892
4.6665031420
5.5820806555
2.4829973724
3.5455864870
3.9719961588
4.5494145686
4.8128353959
5.5470690074
2.6488511543
3.6736996596
3.9988598722
4.3951656585
4.9532131208
5.5154055948
2.8373201504
3.4465271761
4.1947980360
4.3736631749
4.9706514672
5.5086255125
3.0490997470
3.2273063671
3.9731659876
4.6238510581
4.8829632296
5.5769646459
2.9955634757
3.2765555885
3.7603437275
4.6365323616
4.8354672895
5.6940676772
2.7731727602
3.2480176578
3.7836792028
4.4191778187
4.8700086462
5.8340525216
2.5253111220
2.9868113430
4.0255615590
4.1669944021
4.8457732410
5.9825904330
2.0432703819
2.1097721705
4.2922263923
4.6932375002
4.7826375410
5.5049148483
2.1884936034
2.4333925817
4.5239858357
4.5629304965
4.7908735399
5.3556453851
2.3124505875
2.8609926353
4.3429737289
4.7243887353
4.7519754492
5.3024293610
2.4269942125
3.3300800494
4.0857467812
4.6658119106
4.8847445090
5.2915900683
2.5428423696
3.7869877762
3.8486444420
4.5405144041
4.9888101149
5.2820651706
2.6776044654
3.6133031173
4.2214733703
4.3910272076
5.0115743031
5.2810733155
2.8496175999
3.4222927734
4.1605537062
4.6149092973
4.9528989918
5.3016448607
3.0613029578
3.2260930829
3.9377989799
4.6880417507
4.9589905039
5.4173923638
3.0126764888
3.2695537946
3.7414376041
4.5730882373
4.9459040960
5.6219616473
2.2316545521
2.2982417842
4.6417813151
4.7038542767
4.8200776023
5.0774305675
2.3390729004
2.6075108337
4.4165944393
4.8159252161
4.8676920456
5.0476434054
2.4201246426
3.0284288572
4.1671460454
4.7578986361
4.9897741867
5.0729478410
2.4938635662
3.4938711405
3.9423427589
4.6593638672
5.0426255858
5.1158286638
2.5766967596
3.7543383790
3.9569423557
4.5264172016
5.0325485430
5.1545238481
2.6911809342
3.5928750433
4.3038698970
4.4638665083
5.0158059835
5.1220227569
2.8532641559
3.4198780897
4.1411043027
4.6733507763
5.0471358104
5.1499377980
2.3679632017
2.4358097910
4.4068087181
4.8500935576
4.8879878639
5.0033054954
2.4402221852
2.7267347225
4.1849060073
4.8229199007
4.9229658007
5.1003805576
2.4846017129
3.1322723870
4.0010719674
4.7496747047
4.9559079859
5.1590336670
2.5267210709
3.5794418826
3.8577084549
4.6448727801
4.9707424631
5.1799213733
2.5884024384
3.7303261026
4.0440066933
4.5167604360
4.9886035821
5.1383786114
2.4503591704
2.5195980166
4.1422238048
4.8535880502
4.8694898684
5.1849371602
2.4909779012
2.7875790931
4.0233741819
4.8116275328
4.8972962099
5.2175813364
2.5060469771
3.1679277017
3.9377605354
4.7399127284
4.9261677933
5.2132563593
2.4779175841
2.5477986393
4.0405622025
4.8466327080
4.8761940603
5.2458412199
1.7223689452
1.9551878007
3.3090833283
4.6296281523
4.7229830477
6.3581299393
1.9840784354
2.3165444723
3.6866016606
4.5061853202
4.7485703291
6.1764945742
2.2310262403
2.7078031345
4.0520835699
4.3117210597
4.7388795282
6.0428257728
2.4617055884
3.0909006070
4.0635606651
4.3963953422
4.6759712614
5.9533244510
2.6823348358
3.4081366523
3.8316527566
4.5459091878
4.7042832121
5.8837035036
2.9006121214
3.3984423372
3.8928314685
4.3703677226
4.9269185837
5.8196417895
3.0675168673
3.2347000110
4.1361300794
4.1530212781
5.0153765943
5.7872449756
1.9944339159
2.2152077179
3.8571877273
4.5556458634
4.7647907584
5.9984106882
2.2178751356
2.5800074099
4.1571768810
4.3896851515
4.7858982618
5.8397531317
2.4111275825
2.9950184594
4.1571147632
4.4374695221
4.7606445043
5.7338944040
2.5884802947
3.4009138250
3.9068109335
4.6506386158
4.7036063206
5.6629451175
2.7633947799
3.5522359566
3.8817171532
4.5215507893
4.8770067472
5.6037942933
2.9470652665
3.3446948509
4.1832246769
4.3284898237
4.9763296762
5.5656114571
3.0597680337
3.2318163075
4.0540309226
4.4776540535
4.9364565693
5.5886234639
2.8991199071
3.3964379400
3.7962445069
4.6560604900
4.7918925905
5.6661619484
2.7068794302
3.2905823791
3.8304816198
4.5367510394
4.7947813482
5.7632314371
2.4945520114
2.9577811003
4.0775502065
4.2782246202
4.8247184129
5.8759728303
2.2500772577
2.6183832884
3.9874254099
4.3219579081
4.8006608187
6.0128724873
2.2265460092
2.4441092734
4.3302433863
4.4782356618
4.8071346268
5.5976627030
2.4088104602
2.8083499525
4.2665267107
4.5580071785
4.8205223101
5.4765990859
2.5500651129
3.2392734676
4.0198508634
4.7398521664
4.7805491856
5.4077742052
2.6790039108
3.6439504766
3.8056592190
4.6512876373
4.8978593383
5.3649989971
2.8158944773
3.5254686776
4.1041814792
4.4811758286
4.9760175065
5.3369198159
2.9786891028
3.3414668740
4.1965386938
4.5185666081
4.9518048789
5.3398139282
3.1148817198
3.2247514018
3.9364405552
4.7185087087
4.8894307999
5.4073143402
2.9654239962
3.3565000727
3.7171263079
4.6527460932
4.9094399857
5.5379955846
2.7516968400
3.2144459582
3.8296592325
4.4790138570
4.8929608553
5.7050962275
2.4113434529
2.6323068280
4.3667762456
4.7128000445
4.8457577108
5.2235164216
2.5532584139
2.9902379654
4.1316717985
4.8408590751
4.8663910567
5.1560719576
2.6482038261
3.4256868614
3.9018062879
4.7517543121
4.9722937579
5.1429523082
2.7370398010
3.6937890256
3.8766228256
4.5973056886
5.0187496893
5.1538134364
2.8477090196
3.5376707331
4.2292833708
4.4769097451
4.9960145074
5.1497880742
2.9958858085
3.3748043682
4.0936422303
4.6900879661
4.9888668215
5.1549055186
3.1861880197
3.1928647861
3.8693483692
4.7354438748
4.9913503985
5.2914520476
2.5449665663
2.7720707573
4.1979430891
4.8766712282
4.9561078052
4.9960818751
2.6497797201
3.1166048269
3.9934730554
4.8161519291
4.9597622239
5.0808703899
2.7064104785
3.5425016283
3.8268074602
4.6774920923
4.9860587489
5.1301409311
2.7652626486
3.6895957989
3.9644757150
4.5226550128
4.9947569963
5.1395486895
2.8575443663
3.5492262973
4.2114554943
4.5105865037
5.0117466778
5.0856272705
2.6256024446
2.8583343610
4.0289972796
4.8257955514
4.8966314361
5.1608950071
2.6980244224
3.1817075626
3.9083943370
4.7339052335
4.9299219915
5.1836361222
2.7256662343
3.5826089996
3.8079867800
4.6237858843
4.9595542536
5.1726065779
2.6525391528
2.8876740919
3.9630746244
4.7823481687
4.9035284409
5.2174860313
2.4781845939
2.8501640827
4.1657881746
4.3970349663
4.8451683251
5.6824770489
2.6839038989
3.1904693195
3.9175382836
4.6027287872
4.8615776204
5.5510961610
2.8437743973
3.4894687750
3.7426960460
4.7446585020
4.8288460504
5.4490921754
2.9872197107
3.3733079423
3.9984898265
4.6184914923
4.9185212224
5.3802439409
3.0926302074
3.2436276171
4.2446669755
4.4410654078
4.9627362382
5.3522353009
2.6600025588
3.0433380644
4.0320372843
4.7255740365
4.8856366576
5.3272107455
2.8257647126
3.3804495753
3.8022460226
4.8409348255
4.8930720916
5.2147398221
2.9385250464
3.5476500720
3.8177042270
4.7266162024
4.9564323434
5.1748892564
3.0460142417
3.3977670230
4.1473445693
4.5259985861
4.9885056522
5.1719853055
3.1631021346
3.2806147484
4.0936119107
4.6270340835
4.9652897456
5.1716043278
3.1065919414
3.3620931294
3.8093864860
4.8006643846
4.9410552579
5.2076228879
2.9320921902
3.3875164017
3.7094887507
4.7374228303
4.9357703398
5.3577144764
2.7911902935
3.1895163227
3.9191384909
4.9179720193
4.9405658010
5.0302698058
2.9199138651
3.5173370228
3.7435193753
4.7783520205
4.9807746060
5.0658654267
2.9947973708
3.5879767817
3.9089483368
4.5697390007
5.0072525166
5.0984087917
3.0793078997
3.4705930924
4.1262884305
4.4988387384
5.0086890842
5.0806623727
3.1980850381
3.3221725934
3.9766251127
4.7264544222
5.0276386750
5.0327702461
2.8701228669
3.2805736124
3.8492517040
4.7570393914
4.9388357403
5.1253558185
2.9667828614
3.5908308176
3.7391084765
4.6044870004
4.9735279453
5.1370053746
3.0160651846
3.6264135647
3.9409956323
4.4734131257
4.9983558800
5.1105029474
2.8964386607
3.3115212457
3.8331782909
4.6649453593
4.9460435497
5.1737035414
3.0618771517
3.5006069665
3.6850922667
4.8690237998
4.9699454149
5.0451165833
3.2008350401
3.4131590363
3.9007193846
4.6629949064
5.0024433452
5.0611381555
3.2674314898
3.3404300691
4.0953409949
4.4813499306
5.0165131200
5.0781621868
3.1396994119
3.5868539713
3.7108409778
4.6289373576
4.9919941694
5.0838367497
3.2492710322
3.5136808221
3.9213745330
4.4402603579
5.0249363190
5.0825108040
3.3193082141
3.3994821617
3.9936871490
4.4622891808
5.0405538337
5.0510656027
3.1655876677
3.6520096006
3.7107439026
4.4929563776
4.9996124267
5.1191076412
3.4251510812
3.4251510812
3.9284419248
4.3580757533
5.0591639692
5.0591639692
